 0498  1995   1 2003 133
 0498  2003 133 2012 285
 0498  2012 285 9999 999
 0499  1995   1 2003 128
 0499  2003 128 2012 300
 0499  2012 300 9999 999
 0500  1995   1 2003 130
 0500  2003 130 2012 298
 0500  2012 298 9999 999
 0747  1995   1 2003 133
 0747  2003 133 2012 285
 0747  2012 285 9999 999
 0748  1995   1 2003 134
 0748  2003 134 9999 999
 0749  1995   1 2003 129
 0749  2003 129 2012 297
 0749  2012 297 9999 999
 0750  1995   1 2003 143
 0750  2003 143 2012 297
 0750  2012 297 9999 999
 0751  1995   1 2003 136
 0751  2003 136 2012 299
 0751  2012 299 9999 999
 5936  1990 164 1990 165
 5936  1990 165 1990 166
 5936  1990 166 1990 181
 5936  1990 181 1990 207
 5936  1990 207 1991  18
 5936  1991  18 1991 277
 5936  1991 277 1991 280
 5936  1991 280 1991 296
 5936  1991 296 1992 189
 5936  1992 189 1992 192
 5936  1992 192 1993 187
 5936  1993 187 1993 189
 5936  1993 189 1993 200
 5936  1993 200 1993 206
 5936  1993 206 1993 287
 5936  1993 287 1994  64
 5936  1994  64 1994 319
 5936  1994 319 1994 326
 5936  1994 326 1996 122
 5936  1996 122 1996 127
 5936  1996 127 1996 128
 5936  1996 128 1997 150
 5936  1997 150 1997 153
 5936  1997 153 1998 185
 5936  1998 185 1998 186
 5936  1998 186 1998 190
 5936  1998 190 1999 127
 5936  1999 127 1999 155
 5936  1999 155 1999 204
 5936  1999 204 1999 209
 5936  1999 209 1999 271
 5936  1999 271 1999 273
 5936  1999 273 1999 321
 5936  1999 321 2000 172
 5936  2000 172 2000 269
 5936  2000 269 2000 312
 5936  2000 312 2000 324
 5936  2000 324 2000 325
 5936  2000 325 2001 360
 5936  2001 360 2002  21
 5936  2002  21 2002 330
 5936  2002 330 2002 330
 5936  2003 149 2003 154
 5936  2003 336 2004 176
 5936  2004 176 2005  21
 5936  2005  21 2005 305
 5936  2005 305 2006 312
 5936  2006 312 2006 313
 5936  2006 313 2007 112
 5936  2007 112 2007 113
 5936  2007 113 2007 317
 5936  2007 317 2007 318
 5936  2007 318 9999 999
 5936  2008 344 2008 344
 5936  2008 345 2008 345
 5936  2008 346 2008 346
 5936  2009 314 2009 314
 5936  2009 315 2009 315
 5936  2010 312 2010 312
 5936  2010 313 2010 313
 5936  2011 350 2011 350
 5936  2012 153 2012 153
 5936  2012 154 2012 154
 8118  2000 141 2001  53
 8118  2001  53 2001 103
 8118  2001 103 2001 165
 8118  2001 165 2001 244
 8118  2001 244 2002 103
 8118  2002 103 2002 171
 8118  2002 171 2003 241
 8118  2003 241 2003 263
 8118  2003 263 2005 217
 8118  2005 217 2007 172
 8118  2007 172 2008 298
 8118  2008 298 2009 139
 8118  2009 139 2009 142
 8118  2009 142 2009 262
 8118  2009 262 2010 243
 8118  2010 243 2011 111
 8118  2011 111 2012 290
 8118  2012 290 2012 314
 8118  2012 314 2013 132
 8118  2013 132 9999 999
 AKND  2005 311 2012 183
 AKND  2012 183 2014 260
 AKND  2014 260 2018 183
 AKND  2018 183 9999 999
 ALIC  1994 135 1999 212
 ALIC  1999 212 2000  14
 ALIC  2000  14 2000  24
 ALIC  2000  24 2003 166
 ALIC  2003 166 2003 296
 ALIC  2003 296 2008 107
 ALIC  2008 107 2008 261
 ALIC  2008 261 2009 205
 ALIC  2009 205 2010 126
 ALIC  2010 126 2011 178
 ALIC  2011 178 2011 201
 ALIC  2011 201 2013  67
 ALIC  2013  67 2013 189
 ALIC  2013 189 9999 999
 ALIS  2006  61 9999 999
 ANKN  2006  76 9999 999
 BALN  2006 360 9999 999
 BANC  1993 281 1995 101
 BANC  1995 101 2004   1
 BANC  2004   1 2006 267
 BANC  2006 267 9999 999
 BANP  2007  93 9999 999
 BDES  2006   1 9999 999
 BEGN  2006   1 9999 999
 BIMO  2013 316 9999 999
 BJFS  1995 263 2010 142
 BJFS  2010 142 2010 218
 BJFS  2010 218 9999 999
 BK01  2008   1 9999 999
 BK02  2008   1 9999 999
 BLOW  2005 311 9999 999
 C001  2000 138 2000 270
 C001  2000 270 2001  53
 C001  2001  53 2001 103
 C001  2001 103 2001 166
 C001  2001 166 2001 273
 C001  2001 273 2003  51
 C001  2003  51 2003 129
 C001  2003 129 2003 241
 C001  2003 241 2004 001
 C001  2004 001 2004 205
 C001  2004 205 2005 330
 C001  2005 330 2007  37
 C001  2007  37 2007 224
 C001  2007 224 2008 298
 C001  2008 298 2009 345
 C001  2009 345 2011 270
 C001  2011 270 2011 343
 C001  2011 343 2012  80
 C001  2012  80 2012 169
 C001  2012 169 2013 175
 C001  2013 175 2013 218
 C001  2013 218 2018 145
 C001  2013 218 2016 213
 C001  2016 213 9999 999
 C002  2001 166 2001 273
 C002  2001 273 2002 225
 C002  2002 225 2003  94
 C002  2003  94 2003 263
 C002  2003 263 2003 343
 C002  2003 343 2007 123
 C002  2007 123 2009 247
 C002  2009 247 2010 181
 C002  2010 181 2011  26
 C002  2011  26 2012 200
 C002  2012 200 2014 183
 C002  2014 183 2017 238
 C002  2012 222 2017 238
 C002  2017 238 2018 146
 C002  2018 146 9999 999
 CAOT  2005  32 2013 122
 CAOT  2013 122 9999 999
 CCJM  1995  72 1996  77
 CCJM  1996  77 1996  96
 CCJM  1996  96 1996 335
 CCJM  1996 335 1997 206
 CCJM  1997 206 1997 308
 CCJM  1997 308 1998  58
 CCJM  1998  58 1999 192
 CCJM  1999 192 2000   1
 CCJM  2000   1 2001  56
 CCJM  2001  56 2003  58
 CCJM  2003  58 9999 999
 CHEN  1994   1 1995 117
 CHEN  1995 117 2004   1
 CHEN  2004   1 2006 296
 CHEN  2006 296 9999 999
 CHGO  2004   1 2013 134
 CHGO  2013 134 9999 999
 CHIA  1993 281 1995 116
 CHIA  1995 116 2006 292
 CHIA  2006 292 9999 999
 CHIH  2005 196 9999 999
 CHIK  2007   1 9999 999
 CHIN  2001 318 2012 242
 CHIN  2012 242 2013  74
 CHIN  2013  74 2013 123
 CHIN  2013 123 9999 999
 CHIU  2001 340 2008 140
 CHIU  2008 140 2012 243
 CHIU  2012 243 2013 203
 CHIU  2013 203 2013 239
 CHIU  2013 239 9999 999
 CHKU  2003 140 2005 279
 CHKU  2005 279 2009 261
 CHKU  2009 261 2010 343
 CHKU  2010 343 2011  85
 CHKU  2011  85 2013 176
 CHKU  2013 176 2013 218
 CHKU  2013 218 9999 999
 CHNL  1997   1 1999 111
 CHNL  1999 111 1999 223
 CHNL  1999 223 2000  88
 CHNL  2000  88 2000 139
 CHNL  2000 139 2000 161
 CHNL  2000 161 2007 306
 CHNL  2007 306 9999 999
 CHNT  2003   1 2013 304
 CHNT  2013 304 9999 999
 CHSG  2006   1 9999 999
 CHTS  2006  97 9999 999
 CHUA  2001 318 2012 255
 CHUA  2012 255 2013  74
 CHUA  2013  74 2013 123
 CHUA  2013 123 9999 999
 CHUK  2010 181 2011  26
 CHUK  2011  26 2012 200
 CHUK  2012 200 2012 221
 CHUK  2012 221 9999 999
 CHUL  2005 355 9999 999
 CHUN  2006  19 2012 234
 CHUN  2012 234 2013  74
 CHUN  2013  74 2013 123
 CHUN  2013 123 9999 999
 CHYI  2003  32 2013 107
 CHYI  2013 107 9999 999
 CHYN  1998 112 1999 183
 CHYN  1999 183 2002   5
 CHYN  2002   5 2003 183
 CHYN  2003 183 2012 216
 CHYN  2011  25 2012 216
 CHYN  2012 216 9999 999
 CIME  2006   1 9999 999
 CISH  2005  32 2014 217
 CISH  2014 217 9999 999 
 CK01  1994   1 9999 999
 CKGM  2006   1 9999 999
 CKST  2008  52 9999 999
 CKSV  2006   1 2013 120
 CKSV  2013 120 9999 999
 CLAN  2005   5 9999 999
 CLON  2006 116 2018 145
 CLON  2018 145 9999 999
 COCO  1994 246 1998 247
 COCO  1998 247 1999 230
 COCO  1999 230 1999 346
 COCO  1999 346 2001 167
 COCO  2001 167 2001 217
 COCO  2001 217 2004 176
 COCO  2004 176 2006 229
 COCO  2006 229 2009 125
 COCO  2009 125 2009 145
 COCO  2009 145 2011 297
 COCO  2011 297 9999 999
 CSRF  2000   1 9999 999
 CTOU  2004  69 9999 999
 CUSV  2008 133 9999 999
 CWBN  2012 233 2013  74
 CWBN  2013  74 2013 123
 CWBN  2013 123 9999 999
 CWEN  2005 301 2008   9
 CWEN  2008   9 2009 246
 CWEN  2009 246 2012 142
 CWEN  2012 142 2012 314
 CWEN  2012 314 2012 353
 CWEN  2012 353 2013 218
 CWEN  2013 218 9999 999
 DACU  2012 350 9999 999
 DAEJ  1999  77 1999  78
 DAEJ  1999  78 1999 230
 DAEJ  1999 230 2005 122
 DAEJ  2005 122 2008  84
 DAEJ  2008  84 2010 258
 DAEJ  2010 258 2010 327
 DAEJ  2010 327 2011  12
 DAEJ  2011  12 9999 999
 DAHU  2004 334 9999 999
 DAJN  2004 156 9999 999
 DANA  2012 350 9999 999
 DANI  2013 289 9999 999
 DANL  2010  88 9999 999
 DARW  1992 169 1992 358
 DARW  1992 358 1993 228
 DARW  1993 228 1994  83
 DARW  1994  83 1996 183
 DARW  1996 183 1999 120
 DARW  1999 120 1999 202
 DARW  1999 202 1999 329
 DARW  1999 329 2000 222
 DARW  2000 222 2001 102
 DARW  2001 102 2001 292
 DARW  2001 292 2001 301
 DARW  2001 301 2001 348
 DARW  2001 348 2003  77
 DARW  2003  77 2003  94
 DARW  2003  94 2004 196
 DARW  2004 196 2004 198
 DARW  2004 198 2006 352
 DARW  2006 352 2008  56
 DARW  2008  56 2008  56
 DARW  2008  56 2008 134
 DARW  2008 134 2008 134
 DARW  2008 134 2008 266
 DARW  2008 266 2009 161
 DARW  2009 161 2010 126
 DARW  2010 126 2010 218
 DARW  2010 218 2011 159
 DARW  2011 159 2013  67
 DARW  2013  67 9999 999
 DASI  2005 160 9999 999
 DAWU  2005  32 2013 190
 DAWU  2013 190 9999 999
 DCHU  2005 311 2012 235
 DCHU  2012 235 2013  74
 DCHU  2013  74 2013 123
 DCHU  2013 123 9999 999
 DGAR  1996  71 1996 197
 DGAR  1996 197 1996 267
 DGAR  1996 267 1996 276
 DGAR  1996 276 1999 193
 DGAR  1999 193 1999 306
 DGAR  1999 306 2002  19
 DGAR  2002  19 2002 306
 DGAR  2002 306 2004 139
 DGAR  2004 139 2008  87
 DGAR  2008  87 9999 999
 DNAN  2004 345 9999 999
 DNDA  2006  95 2007  62
 DNDA  2007  62 2011 154
 DNDA  2011 154 2011 174
 DNDA  2011 174 2011 265
 DNDA  2011 265 9999 999
 DNFU  2007   5 9999 999
 DNSH  2003  32 9999 999
 DONA  2002 191 2003 266
 DONA  2003 266 2006 349
 DONA  2006 349 2008 296
 DONA  2008 296 2009 206
 DONA  2009 206 2010 346
 DONA  2010 346 2012 225
 DONA  2012 225 9999 999
 DONS  2000   1 9999 999
 DONY  2006   1 9999 999
 DOSH  2005  32 2013 100
 DOSH  2013 100 9999 999
 DPIN  2003 156 2012 243
 DPIN  2012 243 2013  74
 DPIN  2013  74 2013 123
 DPIN  2013 123 9999 999
 DSIN  2006 121 9999 999
 DULI  2004 337 9999 999
 ERLN  2001 317 2012 240
 ERLN  2012 240 2013  74
 ERLN  2013  74 2013 123
 ERLN  2013 123 9999 999
 ERPN  2002   1 2004  28
 ERPN  2004  28 2009 195
 ERPN  2009 195 2009 218
 ERPN  2009 218 2009 246
 ERPN  2009 246 2012 217
 ERPN  2012 217 9999 999
 FAIR  1991  22 1991 290
 FAIR  1991 290 1992 132
 FAIR  1992 132 1993  33
 FAIR  1993  33 1993 147
 FAIR  1993 147 1993 252
 FAIR  1993 252 1994 125
 FAIR  1994 125 1996 107
 FAIR  1996 107 1998 211
 FAIR  1998 211 1998 222
 FAIR  1998 222 1999 154
 FAIR  1999 154 2000 106
 FAIR  2000 106 2002 190
 FAIR  2002 190 2004 330
 FAIR  2004 330 2004 357
 FAIR  2004 357 2008  85
 FAIR  2008  85 2012 119
 FAIR  2012 119 2012 217
 FAIR  2012 217 9999 999
 FALI  2005  32 2014 217
 FALI  2014 217 9999 999 
 FCU1  2002 213 9999 999
 FCWS  1991   1 2000   1
 FCWS  2000   1 9999 999
 FENP  2006  61 9999 999
 FIVE  1997  18 2006 269
 FIVE  2006 269 9999 999
 FKDO  2005 322 9999 999
 FLNM  1994   1 2004 301
 FLNM  2004 301 2013 148
 FLNM  2013 148 9999 999
 FLON  2004 106 2013 291
 FLON  2013 291 9999 999
 FNGU  2005 131 2009 260
 FNGU  2009 260 2012 216
 FNGU  2012 216 2012 325
 FNGU  2012 325 2013 172
 FNGU  2013 172 2013 218
 FNGU  2013 218 9999 999
 FONB  2005  32 2014 217
 FONB  2014 217 9999 999 
 FUDN  2011  67 2012 219
 FUDN  2012 219 9999 999
 FUGN  2003  32 2013 190
 FUGN  2013 190 9999 999
 FUNY  2001 317 2005 143
 FUNY  2005 143 2012 233
 FUNY  2012 233 2013  74
 FUNY  2013  74 2013 123
 FUNY  2013 123 9999 999
 FUQE  2008 135 2009 231
 FUQE  2009 231 2009 344
 FUQE  2009 344 2012 243
 FUQE  2010 243 2012 349
 FUQE  2012 349 2013 218
 FUQE  2013 218 9999 999
 FUSI  2005  32 2013 184
 FUSI  2013 184 9999 999
 FUSN  2003 116 9999 999
 GAIS  1994 115 2006 303
 GAIS  2006 303 9999 999
 GANK  2001 102 2001 161
 GANK  2001 161 2002 218
 GANK  2002 218 2003  85
 GANK  2003  85 9999 999
 GFES  2006   1 9999 999
 GGDS  2009 197 9999 999
 GLES  2012 350 9999 999
 GOLI  2005  32 9999 999
 GS01  2002 168 2011 215
 GS01  2011 215 9999 999
 GS02  2004 295 2005 116
 GS02  2005 116 9999 999
 GS03  2004 293 2005 117
 GS03  2005 117 9999 999
 GS04  2004 290 9999 999
 GS05  2004 295 2005 118
 GS05  2005 118 9999 999
 GS06  2004 295 2005 117
 GS06  2005 117 9999 999
 GS07  2004 295 2005 124
 GS07  2005 124 9999 999
 GS08  2005 227 9999 999
 GS09  2005 228 9999 999
 GS10  2005 249 2011 258
 GS10  2011 258 2011 292
 GS10  2011 292 9999 999
 GS11  2005 227 9999 999
 GS12  2005 249 9999 999
 GS13  2005 228 9999 999
 GS14  2005 256 9999 999
 GS15  2005 256 9999 999
 GS16  2005 256 9999 999
 GS17  2005 257 2013  93
 GS17  2013  93 9999 999
 GS18  2005 257 9999 999
 GS19  2006 193 9999 999
 GS20  2006 216 2012 168
 GS20  2012 168 9999 999
 GS21  2006 161 2018 312
 GS21  2018 312 9999 999
 GS22  2006 161 9999 999
 GS23  2006 150 2008 224
 GS23  2008 224 2012 194
 GS23  2012 194 9999 999
 GS24  2006 150 2019 315
 GS24  2019 315 9999 999
 GS25  2006 151 2019 323
 GS25  2019 323 9999 999
 GS26  2006 151 2011 210
 GS26  2011 210 2013 207
 GS26  2013 207 9999 999
 GS27  2006 151 9999 999
 GS28  2006 168 9999 999
 GS29  2006 167 9999 999
 GS30  2006 176 2013 297
 GS30  2013 297 2018 295
 GS30  2018 295 2018 318
 GS30  2018 318 9999 999
 GS31  2006 168 2018 296
 GS31  2018 296 2018 320
 GS31  2018 320 9999 999
 GS32  2006 174 2019 302
 GS32  2019 302 9999 999
 GS33  2006 173 9999 999
 GS34  2006 175 2019 304
 GS34  2019 304 9999 999
 GS35  2006 175 2019 302
 GS35  2019 302 9999 999
 GS36  2006 294 9999 999
 GS37  2006 298 9999 999
 GS38  2006 294 9999 999
 GS39  2006 294 2018 309
 GS39  2018 309 9999 999
 GS40  2006 294 9999 999
 GS41  2007 327 9999 999
 GS42  2007 327 9999 999
 GS43  2007 331 9999 999
 GS44  2007 334 9999 999
 GS45  2009   5 9999 999
 GS46  2009   6 9999 999
 GS47  2009   5 9999 999
 GS48  2009  91 9999 999
 GS49  2009  91 9999 999
 GS50  2009  84 9999 999
 GS51  2009 352 9999 999
 GS52  2009 352 9999 999
 GS53  2009 353 9999 999
 GS54  2009 349 2013  93
 GS54  2013  93 9999 999
 GS55  2009 345 9999 999
 GS56  2009 348 9999 999
 GS57  2009 349 9999 999
 GS58  2009 348 2013 169
 GS58  2013 169 9999 999
 GS59  2009 351 9999 999
 GS60  2009 352 9999 999
 GS61  2010 279 9999 999
 GS62  2010 263 9999 999
 GS63  2010 267 9999 999
 GS64  2010 271 9999 999
 GS65  2010 287 9999 999
 GS66  2010 271 9999 999
 GS67  2010 271 9999 999
 GS68  2010 351 2012 124
 GS68  2012 124 9999 999
 GS69  2011 265 2013 141
 GS69  2013 141 2013 162
 GS69  2013 162 9999 999
 GS70  2011 266 9999 999
 GS71  2011 265 9999 999
 GS72  2011 265 9999 999
 GS73  2012 307 9999 999
 GS74  2012 307 2018 320
 GS74  2018 320 9999 999
 GS75  2012 305 9999 999
 GS76  2012 307 2018 297
 GS76  2018 297 9999 999
 GS77  2012 319 9999 999
 GS78  2013 295 9999 999
 GS79  2013 289 9999 999
 GS80  2013 289 2017 264
 GS80  2017 264 9999 999
 GS81  2013 289 9999 999
 GS82  2013 289 9999 999
 GS83  2013 289 9999 999
 GS84  2013 289 9999 999
 GS85  2013 289 9999 999
 GUAM  1995  18 1995  20
 GUAM  1995  20 1995 213
 GUAM  1995 213 1996 345
 GUAM  1996 345 1999 140
 GUAM  1999 140 2000 117
 GUAM  2000 117 2006 142
 GUAM  2006 142 2008 326
 GUAM  2008 326 2008 326
 GUAM  2008 326 9999 999
 GUFU  2005  32 9999 999
 GUKN  2003   1 2012 233
 GUKN  2012 233 2013  74
 GUKN  2013  74 2013 123
 GUKN  2013 123 9999 999
 GUKW  2005 322 9999 999
 HANS  2004  58 9999 999
 HCHM  2004 301 2013 212
 HCHM  2013 212 9999 999
 HENC  1995 115 2004   1
 HENC  2004   1 2006 296
 HENC  2006 296 9999 999
 HERI  2004 152 2013 277
 HERI  2013 277 9999 999
 HL01  2009   8 9999 999
 HL02  2009   8 9999 999
 HLIM  2010 275 9999 999
 HLIU  2003 100 9999 999
 HNES  2006   1 9999 999
 HNSN  2001 326 2012 265
 HNSN  2012 265 2013  74
 HNSN  2013  74 2013 123
 HNSN  2013 123 9999 999
 HOB2  1994 187 1994 192
 HOB2  1994 192 1997 142
 HOB2  1997 142 1998 299
 HOB2  1998 299 1999 228
 HOB2  1999 228 1999 334
 HOB2  1999 334 2000 209
 HOB2  2000 209 2002  87
 HOB2  2002  87 2002  92
 HOB2  2002  92 2005 277
 HOB2  2005 277 2008 345
 HOB2  2008 345 2009 187
 HOB2  2009 187 2010 124
 HOB2  2010 124 2010 210
 HOB2  2010 210 2010 284
 HOB2  2010 284 9999 999
 HOKN  1997   1 2000  87
 HOKN  2000  87 2001 106
 HOKN  2001 106 2002 220
 HOKN  2002 220 2011 250
 HOKN  2011 250 2012 200
 HOKN  2012 200 2013 265
 HOKN  2013 265 9999 999
 HOPN  2001 319 2012 241
 HOPN  2012 241 2013  74
 HOPN  2013  74 2013 134
 HOPN  2013 134 9999 999
 HRGN  2006 229 9999 999
 HSIN  1994  33 1995 115
 HSIN  1995 115 2006 293
 HSIN  2006 293 9999 999
 HSR1  2006   1 9999 999
 HSR2  2006   1 9999 999
 HSR3  2006   1 9999 999
 HSR4  2006   1 9999 999
 HSR5  2006   1 9999 999
 HSR6  2006   1 9999 999
 HSUE  2003 125 9999 999
 HUAL  1993 281 1995 118
 HUAL  1995 118 2006 291
 HUAL  2006 291 9999 999
 HUAN  2001 326 2012 283
 HUAN  2012 283 2013  74
 HUAN  2013  74 2013 164
 HUAN  2013 164 9999 999
 HUAP  2004 145 2013 304
 HUAP  2013 304 9999 999
 HUSI  2006   1 9999 999
 HUWE  2005  97 9999 999
 HUYS  2006  81 9999 999
 I007  1990  79 1990 159
 I007  1990 159 1990 166
 I007  1990 166 1991 170
 I007  1991 170 1991 227
 I007  1991 227 1991 277
 I007  1991 277 1992 120
 I007  1992 120 1992 132
 I007  1992 132 1992 192
 I007  1992 192 1992 193
 I007  1992 193 1992 194
 I007  1992 194 1992 195
 I007  1992 195 1993 166
 I007  1993 166 1993 187
 I007  1993 187 1993 202
 I007  1993 202 1993 287
 I007  1993 287 1994  34
 I007  1994  34 1994  66
 I007  1994  66 1994 328
 I007  1994 328 1994 329
 I007  1994 329 1995  61
 I007  1995  61 1996  26
 I007  1996  26 1996 128
 I007  1996 128 1996 130
 I007  1996 130 1997  10
 I007  1997  10 1997 151
 I007  1997 151 1998 183
 I007  1998 183 1998 184
 I007  1998 184 1998 185
 I007  1998 185 1998 225
 I007  1998 225 1998 228
 I007  1998 228 1999 155
 I007  1999 155 1999 203
 I007  1999 203 1999 266
 I007  1999 266 1999 271
 I007  1999 271 1999 274
 I007  1999 274 1999 321
 I007  1999 321 2000 223
 I007  2000 223 2000 262
 I007  2000 262 2001  10
 I007  2001  10 2002  26
 I007  2002  26 2002 331
 I007  2002 331 2002 332
 I007  2002 332 2003 336
 I007  2003 336 2004 179
 I007  2004 179 2004 182
 I007  2004 182 2005  21
 I007  2005  21 2005 318
 I007  2005 318 2006 315
 I007  2006 315 2007 114
 I007  2007 114 2007 323
 I007  2007 323 2008 349
 I007  2008 349 2008 349
 I007  2008 350 2008 350
 I007  2008 351 2008 351
 I007  2009 312 2009 312
 I007  2009 313 2009 313
 I007  2010 309 2010 309
 I007  2010 310 2010 310
 I007  2011 355 2011 355
 I007  2011 356 2011 356
 I007  2012 152 2012 152
 I007  2012 153 2012 153
 I007  2012 154 2012 154
 I007  2012 155 2012 155
 ICHU  2004   1 2013 309
 ICHU  2013 309 9999 999
 IISC  1994 285 1995  20
 IISC  1995  20 1995 274
 IISC  1995 274 1996 176
 IISC  1996 176 1996 217
 IISC  1996 217 1998  91
 IISC  1998  91 1999 140
 IISC  1999 140 2001 198
 IISC  2001 198 2008 192
 IISC  2008 192 2009   8
 IISC  2009   8 9999 999
 ILAN  1994 115 2004   1
 ILAN  2004   1 2006 292
 ILAN  2006 292 9999 999
 IRKT  1995 259 1999 180
 IRKT  1999 180 9999 999
 JHCI  2005  32 2013 115
 JHCI  2013 115 9999 999
 JHSN  2012 350 9999 999
 JIBE  2006   1 9999 999
 JLUT  2004 156 9999 999
 JNHU  2006   1 9999 999
 JNSA  2006   1 9999 999
 JONP  2004 309 2009 307
 JONP  2009 307 2011   6
 JONP  2011   6 2011 217
 JONP  2011 217 2012 202
 JONP  2012 202 2013 266
 JONP  2013 266 9999 999
 JPEI  2000   1 2003 240
 JPEI  2003 240 2004  29
 JPEI  2004  29 2009 246
 JPEI  2009 246 2009 264
 JPEI  2009 264 2009 275
 JPEI  2009 275 2011 153
 JPEI  2011 153 2013 260
 JPEI  2013 260 9999 999
 JPIN  2001 354 2004   8
 JPIN  2004   8 2004  29
 JPIN  2004  29 2005 354
 JPIN  2005 354 2006 351
 JPIN  2006 351 2009 265
 JPIN  2009 265 2011  25
 JPIN  2011  25 2011  68
 JPIN  2011  68 2011 221
 JPIN  2011 221 2013 174
 JPIN  2013 174 2013 218
 JPIN  2013 218 9999 999
 JSUI  2003 133 2012 250
 JSUI  2012 250 2013  74
 JSUI  2013  74 2013 123
 JSUI  2013 123 9999 999
 JUCI  2012 350 9999 999
 JULI  2005  32 2013 205
 JULI  2013 205 9999 999
 JUNA  2005  32 2013 190
 JUNA  2013 190 9999 999
 JYAN  2004 142 2013 315
 JYAN  2013 315 9999 999
 JYGU  2006   1 9999 999
 KAFN  2000 354 2001  52
 KAFN  2001  52 2001 360
 KAFN  2001 360 2003 262
 KAFN  2003 262 2005   1
 KAFN  2005   1 2013 112
 KAFN  2013 112 9999 999
 KASH  2003  32 2013 106
 KASH  2013 106 9999 999
 KASU  2005 239 9999 999
 KAWN  2007 200 9999 999
 KDNM  1994   1 2005 272
 KDNM  2005 272 2013 123
 KDNM  2013 123 9999 999
 KMNM  1994   1 2000   1
 KMNM  2000   1 2004 303
 KMNM  2004 303 9999 999
 KNKO  2002 111 2002 168
 KNKO  2002 168 2007 278
 KNKO  2002 278 2004  30
 KNKO  2004  30 2006  54
 KNKO  2006  54 2007 163
 KNKO  2007 163 2008 293
 KNKO  2008 293 9999 999
 KOKB  1990 309 1991 107
 KOKB  1991 107 1992 135
 KOKB  1992 135 1992 314
 KOKB  1992 314 1993  48
 KOKB  1993  48 1993 149
 KOKB  1993 149 1993 289
 KOKB  1993 289 1994 125
 KOKB  1994 125 1996  10
 KOKB  1996  10 1996 214
 KOKB  1996 214 1999 204
 KOKB  1999 204 2000 117
 KOKB  2000 117 2002   8
 KOKB  2002   8 2002  92
 KOKB  2002  92 2002  92
 KOKB  2002  92 2002 267
 KOKB  2002 267 2004 139
 KOKB  2004 139 2004 357
 KOKB  2004 357 2008  87
 KOKB  2008  87 9999 999
 KSHI  2001 310 2012 243
 KSHI  2012 243 2013  74
 KSHI  2013  74 2013 123
 KSHI  2013 123 9999 999
 KTES  2006   1 9999 999
 KUAN  2006  94 9999 999
 KULN  1999 111 1999 168
 KULN  1999 168 1999 223
 KULN  1999 223 2000 116
 KULN  2000 116 2001  51
 KULN  2001  51 2002 225
 KULN  2002 225 2003 241
 KULN  2003 241 2007  41
 KULN  2007  41 2007  62
 KULN  2007  62 2007 303
 KULN  2007 303 2008 359
 KULN  2008 359 2009 203
 KULN  2009 203 2009 247
 KULN  2009 247 2011  25
 KULN  2011  25 2012 202
 KULN  2012 202 9999 999
 KUNM  1998 167 1999 141
 KUNM  1999 141 2002 315
 KUNM  2002 315 9999 999
 KYIN  2004 142 2013 297
 KYIN  2013 297 9999 999
 KZN1  2003 303 2003 338
 KZN1  2003 338 2009 281
 KZN1  2009 281 2013 133
 KZN1  2013 133 2013 199
 KZN1  2013 199 2013 238
 KZN1  2013 238 9999 999
 KZON  1999 281 1999 363
 KZON  1999 363 2000 118
 KZON  2000 118 2001  52
 KZON  2001  52 2001 107
 KZON  2001 107 2001 163
 KZON  2001 163 2003 238
 KZON  2003 238 2003 303
 KZON  2003 303 2003 338
 KZON  2003 338 9999 999
 LAFO  2007   1 9999 999
 LAIG  2008 233 2009 202
 LAIG  2009 202 9999 999
 LANB  2006   1 9999 999
 LANY  1994   1 2006 292
 LANY  2006 292 9999 999
 LAOL  2007   9 9999 999
 LEYU  2006   1 9999 999
 LGUE  2005 319 9999 999
 LHAZ  1999 265 2001 332
 LHAZ  2001 332 2003 292
 LHAZ  2003 292 2003 328
 LHAZ  2003 328 2006 136
 LHAZ  2006 136 2007  59
 LHAZ  2007  59 2008  18
 LHAZ  2008  18 2010  85
 LHAZ  2010  85 2013 255
 LHAZ  2013 255 9999 999
 LIKN  2004  58 9999 999
 LIUC  1995 116 2006 296
 LIUC  2006 296 9999 999
 LIYU  2001 330 2012 270
 LIYU  2012 270 2013 239
 LIYU  2013 239 9999 999
 LNCH  2002 343 2003 343
 LNCH  2003 343 2008 236
 LNCH  2008 236 2009 204
 LNCH  2009 204 2009 247
 LNCH  2009 247 2011 218
 LNCH  2011 218 2012 202
 LNCH  2012 202 2013 244
 LNCH  2013 244 2018 147
 LNCH  2018 147 9999 999
 LNDO  2003  32 2014 216
 LNDO  2014 216 9999 999
 LNJS  2006   1 9999 999
 LNKO  2005 311 2013 290
 LNKO  2013 290 9999 999
 LONT  2003   1 2012 250
 LONT  2012 250 2013  74
 LONT  2013  74 2013 123
 LONT  2013 123 9999 999
 LOYE  2008 231 2009 203
 LOYE  2009 203 2010 267
 LOYE  2010 267 2012 202
 LOYE  2012 202 9999 999
 LSAN  2006 213 2007 185
 LSAN  2007 185 2009 316
 LSAN  2009 316 2009 345
 LSAN  2009 345 2012 171
 LSAN  2012 171 2012 349
 LSAN  2012 349 2013 218
 LSAN  2013 218 9999 999
 LSB0  2006   1 2013 120
 LSB0  2013 120 9999 999
 LTUN  2004  49 9999 999
 LUDA  2003  32 9999 999
 LUGU  2005 333 9999 999
 LUJA  2012 350 9999 999
 LUKN  2001 317 2012 242
 LUKN  2012 242 2013  74
 LUKN  2013  74 2013 123
 LUKN  2013 123 9999 999
 LUSN  2006 355 9999 999
 LYTU  2006   1 9999 999
 MAJA  2002  57 2005  32
 MAJA  2005  32 2013 122
 MAJA  2013 122 2015 204
 MAJA  2015 204 9999 999
 MATZ  2005 311 9999 999
 MCIL  2002 342 2005 258
 MCIL  2005 258 2008 238
 MCIL  2008 238 2008 332
 MCIL  2008 332 2009 323
 MCIL  2009 323 2011  13
 MCIL  2011  13 2013  17
 MCIL  2013  17 9999 999
 MESN  2002 107 2003 266
 MESN  2003 266 2004 141
 MESN  2004 141 2009 105
 MESN  2009 105 2010  64
 MESN  2010  64 2013 263
 MESN  2013 263 9999 999
 MFEN  2005 292 9999 999
 MGAO  2013 253 9999 999
 MIAO  2003 146 2013 290
 MIAO  2013 290 9999 999
 MINS  2002 105 2003 267
 MINS  2003 267 2003 364
 MINS  2003 364 2008 365
 MINS  2008 365 2011 223
 MINS  2011 223 2012 110
 MINS  2012 110 2012 202
 MINS  2012 202 9999 999
 MITO  2004 153 9999 999
 MLO1  2007   8 2013 312
 MLO1  2013 312 9999 999
 MLON  2004 127 9999 999
 MOTN  2002 108 2002 169
 MOTN  2002 169 2002 280
 MOTN  2002 280 2003 267
 MOTN  2003 267 2004  29
 MOTN  2004  29 2007 165
 MOTN  2007 165 2009  63
 MOTN  2009  63 2010 270
 MOTN  2010 270 9999 999
 MSPK  2012 350 9999 999
 MUDA  2013 301 9999 999
 MUST  2006   1 9999 999
 MZUM  1994   1 2005 277
 MZUM  2005 277 9999 999
 NAAO  2004  97 9999 999
 NAGA  2007   1 9999 999
 NANK  2003 106 2012 261
 NANK  2012 261 2013  74
 NANK  2013  74 2013 123
 NANK  2013 123 9999 999
 NCKU  2001   4 2003 341
 NCKU  2003 341 2004 257
 NCKU  2004 257 2006 293
 NCKU  2006 293 2008 348
 NCKU  2008 348 2015 202
 NCKU  2015 202 9999 999
 NCTU  1995   1 9999 999
 NDHU  2005  89 9999 999
 NEMN  2006 249 9999 999
 NGAO  2006 111 2013 230
 NGAO  2013 230 9999 999
 NHSI  2005 242 9999 999
 NIPU  2013 326 9999 999
 NIUT  2004 191 9999 999
 NJOU  2004  58 9999 999
 NSAM  2005  12 9999 999
 NSAN  2006 339 9999 999
 NSHE  2001 319 2012 241
 NSHE  2012 241 2013  74
 NSHE  2013  74 2013 123
 NSHE  2013 123 9999 999
 NTOU  2006   1 9999 999
 NTPU  2006   1 9999 999
 NTUS  1997 177 1998 159
 NTUS  1998 159 1999 301
 NTUS  1999 301 1999 301
 NTUS  1999 301 2001  53
 NTUS  2001  53 2001 169
 NTUS  2001 169 2007 136
 NTUS  2007 136 2007 176
 NTUS  2007 176 2009 246
 NTUS  2009 246 2010  95
 NTUS  2010  95 2010 130
 NTUS  2010 130 2011  25
 NTUS  2011  25 9999 999
 PAKU  2003 239 2007 354
 PAKU  2007 354 9999 999
 PANG  1993 281 1995 116
 PANG  1995 116 2006 292
 PANG  2006 292 9999 999
 PAOL  2002 104 2003 266
 PAOL  2003 266 2004 141
 PAOL  2004 141 2009 261
 PAOL  2009 261 2009 347
 PAOL  2009 347 2010 272
 PAOL  2010 272 2011 251
 PAOL  2011 251 2012 202
 PAOL  2012 202 2013 263
 PAOL  2013 263 9999 999
 PAOS  2002 130 2002 173
 PAOS  2002 173 2003   2
 PAOS  2003   2 9999 999
 PCCU  2008   1 9999 999
 PEI1  2003 270 2013 309
 PEI1  2013 309 9999 999
 PEIM  2003 111 9999 999
 PEIN  2005 238 9999 999
 PENL  2004 345 9999 999
 PEPU  2001 304 2012 248
 PEPU  2012 248 2013  80
 PEPU  2013  80 2013 123
 PEPU  2013 123 9999 999
 PERT  1993 230 1993 256
 PERT  1993 256 1993 262
 PERT  1993 262 1994 117
 PERT  1994 117 1996 164
 PERT  1996 164 1999 204
 PERT  1999 204 2001 158
 PERT  2001 158 2003 156
 PERT  2003 156 2007 337
 PERT  2007 337 2008   9
 PERT  2008   9 2012 297
 PERT  2012 297 9999 999
 PIMO  1997 127 1998 182
 PIMO  1998 182 1998 314
 PIMO  1998 314 1999 130
 PIMO  1999 130 2001 248
 PIMO  2001 248 2001 249
 PIMO  2001 249 2008 145
 PIMO  2008 145 2009  50
 PIMO  2009  50 9999 999
 PING  2002  22 2004  30
 PING  2004  30 2007 163
 PING  2007 163 2008 293
 PING  2008 293 2009  62
 PING  2009  62 2009 195
 PING  2009 195 2012  94
 PING  2012  94 2012 113
 PING  2012 113 9999 999
 PINT  1999 285 2000 117
 PINT  2000 117 2001  53
 PINT  2001  53 2002 171
 PINT  2002 171 2011 216
 PINT  2011 216 2012 202
 PINT  2012 202 2013 267
 PINT  2013 267 9999 999
 PKGM  1994   1 2005 271
 PKGM  2005 271 2013 106
 PKGM  2013 106 9999 999
 PLAN  2001 348 2012 279
 PLAN  2012 279 2013  77
 PLAN  2013  77 2013 123
 PLAN  2013 123 9999 999
 PLIM  2005  12 9999 999
 PLIN  2004  35 2013 295
 PLIN  2013 295 9999 999
 PNCY  2009   1 9999 999
 PNSI  2006 145 2013 112
 PNSI  2013 112 2013 120
 PNSI  2013 120 9999 999
 PTUN  2004  58 2014 259
 PTUN  2014 259 9999 999
 PUSN  2003   1 2013 298
 PUSN  2013 298 9999 999
 RENI  2006 268 9999 999
 S011  1991 162 1991 165
 S011  1991 165 1991 177
 S011  1991 177 1992 128
 S011  1992 128 1992 131
 S011  1992 131 1992 140
 S011  1992 140 1992 141
 S011  1992 141 1992 142
 S011  1992 142 1992 143
 S011  1992 143 1992 145
 S011  1992 145 1993 155
 S011  1993 155 1993 157
 S011  1993 157 1993 163
 S011  1993 163 1993 164
 S011  1993 164 1994  25
 S011  1994  25 1994  27
 S011  1994  27 1994  28
 S011  1994  28 1995  64
 S011  1995  64 1995  65
 S011  1995  65 1995  66
 S011  1995  66 1996  23
 S011  1996  23 1996  30
 S011  1996  30 1997   8
 S011  1997   8 1997  11
 S011  1997  11 1997 305
 S011  1997 305 1998  62
 S011  1998  62 1999  82
 S011  1999  82 1999 221
 S011  1999 221 2000 115
 S011  2000 115 2001  39
 S011  2001  39 2001 295
 S011  2001 295 2003 264
 S011  2003 264 2004 139
 S011  2004 139 2009  47
 S011  2009  47 2009 310
 S011  2009 310 2010 364
 S011  2010 364 2012 354
 S011  2012 354 2013 218
 S011  2013 218 9999 999
 S012  1990  60 1990  61
 S012  1990  61 1990  62
 S012  1990  62 1990  63
 S012  1990  63 1990  87
 S012  1990  87 1991 154
 S012  1991 154 1991 155
 S012  1991 155 1991 158
 S012  1991 158 1991 159
 S012  1991 159 1991 177
 S012  1991 177 1992 124
 S012  1992 124 1992 125
 S012  1992 125 1992 126
 S012  1992 126 1992 128
 S012  1992 128 1992 131
 S012  1992 131 1992 148
 S012  1992 148 1993 154
 S012  1993 154 1993 155
 S012  1993 155 1994  25
 S012  1994  25 1994  28
 S012  1994  28 1995  65
 S012  1995  65 1996  23
 S012  1996  23 1996  24
 S012  1996  24 1996  31
 S012  1996  31 1997  11
 S012  1997  11 1997  15
 S012  1997  15 1997 305
 S012  1997 305 1997 358
 S012  1997 358 1998  90
 S012  1998  90 1998 215
 S012  1998 215 1999  83
 S012  1999  83 1999 221
 S012  1999 221 2000  88
 S012  2000  88 2000 245
 S012  2000 245 2001   4
 S012  2001   4 2001  39
 S012  2001  39 2002 223
 S012  2002 223 2003 264
 S012  2003 264 2004 142
 S012  2004 142 2009 204
 S012  2009 204 2009 346
 S012  2009 346 2010  65
 S012  2010  65 2011 119
 S012  2011 119 2011 177
 S012  2011 177 2012 355
 S012  2012 355 2013 218
 S012  2013 218 9999 999
 S016  1990 161 1990 163
 S016  1990 163 1990 164
 S016  1990 164 1990 168
 S016  1990 168 1990 183
 S016  1990 183 1991 226
 S016  1991 226 1991 227
 S016  1991 227 1991 294
 S016  1991 294 1993 200
 S016  1993 200 1993 202
 S016  1993 202 1993 204
 S016  1993 204 1994 326
 S016  1994 326 1994 328
 S016  1994 328 1995 104
 S016  1995 104 1995 329
 S016  1995 329 1996 127
 S016  1996 127 1996 128
 S016  1996 128 1997 149
 S016  1997 149 1997 151
 S016  1997 151 1998 185
 S016  1998 185 1998 186
 S016  1998 186 1999 203
 S016  1999 203 1999 204
 S016  1999 204 1999 269
 S016  1999 269 1999 272
 S016  1999 272 1999 286
 S016  1999 286 1999 287
 S016  1999 287 1999 293
 S016  1999 293 1999 308
 S016  1999 308 1999 319
 S016  1999 319 2000  67
 S016  2000  67 2000 118
 S016  2000 118 2000 175
 S016  2000 175 2000 210
 S016  2000 210 2000 266
 S016  2000 266 2000 305
 S016  2000 305 2000 311
 S016  2000 311 2000 326
 S016  2000 326 2001  13
 S016  2001  13 2001  53
 S016  2001  53 2001 102
 S016  2001 102 2001 160
 S016  2001 160 2002  11
 S016  2002  11 2002 109
 S016  2002 109 2002 173
 S016  2002 173 2002 347
 S016  2002 347 2003 198
 S016  2003 198 2004 276
 S016  2004 276 2005 306
 S016  2005 306 2007 222
 S016  2007 222 2009 231
 S016  2009 231 2011 153
 S016  2011 153 2013 178
 S016  2013 178 2013 203
 S016  2013 203 2013 231
 S016  2013 231 9999 999
 S01R  1990   1 1991 274
 S01R  1991 274 1995 312
 S01R  1995 312 1997 125
 S01R  1997 125 1998  37
 S01R  1998  37 1999 272
 S01R  1999 272 2004 170
 S01R  2004 170 2009 302
 S01R  2009 302 9999 999
 S026  2003 200 2003 200
 S026  2003 309 2003 309
 S026  2008  56 2008  56
 S026  2008  57 2008  57
 S026  2008  58 2008  58
 S026  2008  59 2008  59
 S026  2010  64 2010  64
 S026  2010  65 2010  65
 S026  2010  66 2010  66
 S026  2010  67 2010  67
 S058  1992 176 1993 129
 S058  1993 129 1996  86
 S058  1996  86 1997 168
 S058  1997 168 1999  85
 S058  1999  85 2000   4
 S058  2000   4 9999 999
 S092  1993 163 1994  29
 S092  1994  29 1995  66
 S092  1995  66 1996  23
 S092  1996  23 1997   8
 S092  1997   8 1997 338
 S092  1997 338 1998  61
 S092  1998  61 1998  72
 S092  1998  72 1999  83
 S092  1999  83 1999 332
 S092  1999 332 2000  88
 S092  2000  88 2003  12
 S092  2003  12 9999 999
 S101  1993   1 2001 282
 S101  2001 282 2001 355
 S101  2001 355 2003 310
 S101  2003 310 2003 321
 S101  2003 321 2003 328
 S101  2003 328 2003 335
 S101  2003 335 2003 342
 S101  2003 342 2006 160
 S101  2006 160 2007 200
 S101  2007 200 2009  57
 S101  2009  57 2009 212
 S101  2009 212 2010  54
 S101  2010  54 9999 999
 S102  1991 274 1999  64
 S102  1999  64 1999  82
 S102  1999  82 2000   5
 S102  2000   5 2000 258
 S102  2000 258 2004  60
 S102  2004  60 9999 999
 S103  1990   1 1999  82
 S103  1999  82 1999 301
 S103  1999 301 1999 347
 S103  1999 347 2001 104
 S103  2001 104 2002 219
 S103  2002 219 2011  24
 S103  2011  24 2012 202
 S103  2012 202 9999 999
 S104  1991   1 1999  85
 S104  1999  85 2002 112
 S104  2002 112 2005   7
 S104  2005   7 2005 273
 S104  2005 273 2005 356
 S104  2005 356 2006 135
 S104  2006 135 2006 225
 S104  2006 225 2007 164
 S104  2007 164 2008 294
 S104  2008 294 2009  63
 S104  2009  63 9999 999
 S105  1991   1 1999  84
 S105  1999  84 2002 275
 S105  2002 275 2003 133
 S105  2003 133 2005 358
 S105  2005 358 2006 136
 S105  2006 136 2007 164
 S105  2007 164 2009  63
 S105  2009  63 2010 269
 S105  2010 269 2010 288
 S105  2010 288 9999 999
 S106  1998 358 1999  85
 S106  1999  85 1999 221
 S106  1999 221 1999 304
 S106  1999 304 2000 116
 S106  2000 116 2001  38
 S106  2001  38 2001 244
 S106  2001 244 2002 150
 S106  2002 150 2003  98
 S106  2003  98 2003 264
 S106  2003 264 2004 140
 S106  2004 140 2005 215
 S106  2005 215 2009 260
 S106  2009 260 2010 212
 S106  2010 212 2010 343
 S106  2010 343 2011 217
 S106  2011 217 2012 202
 S106  2012 202 2013 264
 S106  2013 264 9999 999
 S167  1999 321 2000  68
 S167  2000  68 2000 119
 S167  2000 119 2000 267
 S167  2000 267 2000 333
 S167  2000 333 2001  52
 S167  2001  52 2002 172
 S167  2002 172 2003 238
 S167  2003 238 2008 134
 S167  2008 134 2009 247
 S167  2009 247 2012 216
 S167  2012 216 2012 349
 S167  2012 349 2013 218
 S167  2013 218 9999 999
 S169  2000 356 2001 104
 S169  2001 104 2001 223
 S169  2002 223 2004 141
 S169  2004 141 2006 166
 S169  2006 166 2006 181
 S169  2006 181 2007 249
 S169  2007 249 2009 234
 S169  2009 234 2009 346
 S169  2009 346 2010 245
 S169  2010 245 2010 268
 S169  2010 268 2011 219
 S169  2011 219 2012 202
 S169  2012 202 2013 245
 S169  2013 245 9999 999
 S170  2001  67 2001 186
 S170  2001 186 2002 172
 S170  2002 172 2003 239
 S170  2003 239 2009 262
 S170  2009 262 2013 177
 S170  2013 177 2013 218
 S170  2013 218 9999 999
 S23R  1990   1 1991 206
 S23R  1991 206 1995 313
 S23R  1995 313 1996  87
 S23R  1996  87 1996 239
 S23R  1996 239 1999  84
 S23R  1999  84 2003 240
 S23R  2003 240 2003 266
 S23R  2003 266 2004 323
 S23R  2004 323 2008 179
 S23R  2008 179 2009 246
 S23R  2009 246 2011 176
 S23R  2011 176 2011 220
 S23R  2011 220 9999 999
 SA04  2004  92 9999 999
 SALU  2006  79 9999 999
 SAND  2005 320 9999 999
 SANI  1997  85 2006 293
 SANI  2006 293 9999 999
 SANJ  2005 195 9999 999
 SANL  2006 338 9999 999
 SCHN  2008 293 2009 194
 SCHN  2009 194 2009 358
 SCHN  2009 358 9999 999
 SFON  2001 333 2012 237
 SFON  2012 237 2013  77
 SFON  2013  77 2013 123
 SFON  2013 123 9999 999
 SGAN  2006 139 9999 999
 SGUN  2006 113 9999 999
 SHAN  2002  81 2004  28
 SHAN  2004  28 2008  70
 SHAN  2008  70 2009 247
 SHAN  2009 247 2011  69
 SHAN  2011  69 2011 333
 SHAN  2011 333 9999 999
 SHAO  1995   9 1995  20
 SHAO  1995  20 1999 148
 SHAO  1999 148 2002 183
 SHAO  2002 183 2004 275
 SHAO  2004 275 2004 281
 SHAO  2004 281 2004 364
 SHAO  2004 364 2007 270
 SHAO  2007 270 9999 999
 SHJU  2003  32 2013 190
 SHJU  2013 190 9999 999
 SHMN  2005  32 2013 197
 SHMN  2013 197 9999 999
 SHUL  2005 182 2012 249
 SHUL  2012 249 2013  77
 SHUL  2013  77 2013 125
 SHUL  2013 125 9999 999
 SHWA  2005 357 9999 999
 SICH  2005  32 2013 204
 SICH  2013 204 9999 999
 SILN  2003 137 2003 268
 SILN  2003 268 9999 999
 SIND  2006   1 2013 115
 SIND  2013 115 9999 999
 SINL  2005 159 2012 249
 SINL  2012 249 2013  77
 SINL  2013  77 2013 123
 SINL  2013 123 9999 999
 SINP  2006   1 9999 999
 SINY  2005  32 2013 119
 SINY  2013 119 9999 999
 SJPU  2003  52 2003 242
 SJPU  2003 242 2003 263
 SJPU  2003 263 2009 232
 SJPU  2009 232 2009 245
 SJPU  2009 245 2010 267
 SJPU  2010 267 2012 110
 SJPU  2012 110 2012 202
 SJPU  2012 202 9999 999
 SLIN  2001 305 2012 250
 SLIN  2012 250 2013  77
 SLIN  2013  77 2013 123
 SLIN  2013 123 9999 999
 SLNP  2004  57 9999 999
 SOFN  2005  32 2014 217
 SOFN  2014 217 9999 999 
 SONA  2001 311 2012 261
 SONA  2012 261 2013  77
 SONA  2013  77 2013 134
 SONA  2013 134 9999 999
 SPAO  2004  98 9999 999
 SPP0  2000   1 9999 999
 SSUN  2005 325 9999 999
 STA1  2008  24 2013 317
 STA1  2013 317 9999 999
 STAN  2004   1 9999 999
 SUAB  2005 180 9999 999
 SUAN  2003   1 2013 301
 SUAN  2013 301 9999 999
 SUAO  1997  90 1999 236
 SUAO  1999 236 2006 272
 SUAO  2006 272 9999 999
 SUCH  2005 322 9999 999
 SUN1  1999 281 2006 290
 SUN1  2006 290 9999 999
 SUNM  1994   7 1995 115
 SUNM  1995 115 9999 999
 SWAN  2007   1 9999 999
 SYAN  2009   1 9999 999
 T101  2002   1 9999 999
 T102  2002   1 9999 999
 T103  2000 245 9999 999
 T104  2000 245 9999 999
 T105  2000 245 9999 999
 T107  2002   1 9999 999
 T108  2010  75 9999 999
 T109  2002   1 9999 999
 T110  2002   1 9999 999
 TACH  2003  32 2013 114
 TACH  2013 114 9999 999
 TAIP  2004 133 9999 999
 TAIW  1992 117 1992 176
 TAIW  1992 176 1993  21
 TAIW  1993  21 1993 293
 TAIW  1993 293 1994 145
 TAIW  1994 145 9999 999
 TANS  2005 102 9999 999
 TAPE  2002 280 2004  29
 TAPE  2004  29 2007 309
 TAPE  2007 309 2007 310
 TAPE  2007 310 2009 266
 TAPE  2009 266 2013 177
 TAPE  2013 177 2013 227
 TAPE  2013 227 2013 261
 TAPE  2013 261 9999 999
 TAPN  2012 350 9999 999
 TAPO  2002  60 2004  29
 TAPO  2004  29 2008  35
 TAPO  2008  35 2009  62
 TAPO  2009  62 2010  73
 TAPO  2010  73 2013 173
 TAPO  2013 173 2013 218
 TAPO  2013 218 9999 999
 TAPU  2003 139 2003 240
 TAPU  2003 240 2007 253
 TAPU  2007 253 2009 140
 TAPU  2009 140 2009 161
 TAPU  2009 161 2009 347
 TAPU  2009 347 2009 348
 TAPU  2009 348 2010  65
 TAPU  2010  65 2011  26
 TAPU  2011  26 2012 224
 TAPU  2012 224 9999 999
 TASI  2007 304 9999 999
 TASO  2007 311 2013 115
 TASO  2013 115 9999 999
 TATA  2004   2 2013 312
 TATA  2013 312 9999 999
 TAYN  2005  32 2013 106
 TAYN  2013 106 9999 999
 TC01  2005  60 9999 999
 TC11  2005  60 9999 999
 TC12  2005  60 9999 999
 TC13  2005  60 9999 999
 TC18  2005  60 9999 999
 TC21  2005  60 9999 999
 TC22  2005  60 9999 999
 TC23  2005  60 9999 999
 TCMS  2001 163 2002 234
 TCMS  2002 234 9999 999
 TCYU  2006   1 9999 999
 TEGS  2003   1 2012 236
 TEGS  2012 236 2013  77
 TEGS  2013  77 2013 123
 TEGS  2013 123 9999 999
 TENC  2002 107 2002 169
 TENC  2002 169 2002 281
 TENC  2002 281 2003  97
 TENC  2003  97 2003 267
 TENC  2003 267 2004 142
 TENC  2004 142 2007 165
 TENC  2007 165 2010  67
 TENC  2010  67 9999 999
 THAI  2002  30 2009 163
 THAI  2009 163 2012 257
 THAI  2012 257 2013  77
 THAI  2013  77 2013 123
 THAI  2013 123 9999 999
 THTI  1998 110 1998 320
 THTI  1998 320 1998 326
 THTI  1998 326 2004  13
 THTI  2004  13 2007 261
 THTI  2007 261 2008 107
 THTI  2008 107 2010 328
 THTI  2010 328 2011 181
 THTI  2011 181 9999 999
 TIAN  2006   1 2013 142
 TIAN  2013 142 9999 999
 TKJS  2006   1 9999 999
 TMAL  2007   5 9999 999
 TMAM  1995   1 2004 301
 TMAM  2004 301 2012 248
 TMAM  2012 248 9999 999
 TMLM  1995   1 9999 999
 TNML  2001 158 2002 206
 TNML  2002 206 9999 999
 TNSM  1995   1 2004 279
 TNSM  2004 279 9999 999
 TOFN  2004 335 9999 999
 TOW2  1995  17 1999 223
 TOW2  1999 223 1999 331
 TOW2  1999 331 2002 274
 TOW2  2002 274 2006  45
 TOW2  2006  45 2008 273
 TOW2  2008 273 2008 273
 TOW2  2008 273 2009 170
 TOW2  2009 170 2010 125
 TOW2  2010 125 2010 316
 TOW2  2010 316 2011 165
 TOW2  2011 165 2011 266
 TOW2  2011 266 2013 198
 TOW2  2013 198 9999 999
 TPPT  2010   1 9999 999
 TSHI  2004 139 9999 999
 TSHO  1999 110 1999 133
 TSHO  1999 133 1999 302
 TSHO  1999 302 2000 116
 TSHO  2000 116 2000 207
 TSHO  2000 207 2000 224
 TSHO  2000 224 2001  39
 TSHO  2001  39 2002 224
 TSHO  2002 224 2003 265
 TSHO  2003 265 9999 999
 TSIO  2006  73 9999 999
 TSKB  1993 349 1993 355
 TSKB  1993 355 1994 227
 TSKB  1994 227 1994 227
 TSKB  1994 227 1995  94
 TSKB  1995  94 1995 212
 TSKB  1995 212 1995 263
 TSKB  1995 263 1996 326
 TSKB  1996 326 1999 216
 TSKB  1999 216 2000 235
 TSKB  2000 235 2002 169
 TSKB  2002 169 2002 217
 TSKB  2002 217 2011 182
 TSKB  2011 182 2011 242
 TSKB  2011 242 2011 362
 TSKB  2011 362 2012   4
 TSKB  2012   4 2012  62
 TSKB  2012  62 2012  64
 TSKB  2012  64 2012 240
 TSKB  2012 240 2013 288
 TSKB  2013 288 9999 999
 TSLN  2007 115 9999 999
 TTSH  2008 129 2009 111
 TTSH  2009 111 2009 196
 TTSH  2009 196 2010 270
 TTSH  2010 270 2010 334
 TTSH  2010 334 2012 202
 TTSH  2012 202 9999 999
 TTUN  2003   7 2012 250
 TTUN  2012 250 9999 999
 TUCN  2004  69 9999 999
 TUNH  2002 113 2002 169
 TUNH  2002 169 2004  30
 TUNH  2004  30 2006 226
 TUNH  2006 226 2007 164
 TUNH  2007 164 2009  62
 TUNH  2009  62 2010  73
 TUNH  2010  73 2011 331
 TUNH  2011 331 2013 173
 TUNH  2013 173 2013 261
 TUNH  2013 261 9999 999
 TUNM  2001 305 2012 250
 TUNM  2012 250 2013  77
 TUNM  2013  77 2013 123
 TUNM  2013 123 9999 999
 TUNS  2003   1 2012 240
 TUNS  2012 240 2013  77
 TUNS  2013  77 2013 123
 TUNS  2013 123 9999 999
 TWTF  2001 213 9999 999
 UGIN  2010 243 9999 999
 VR01  2005  32 2014 217
 VR01  2014 217 9999 999 
 VR02  2005  32 2013 101
 VR02  2013 101 9999 999
 VR03  2005  32 2014 216
 VR03  2014 216 9999 999
 W021  2002   9 2002 103
 W021  2002 103 2002 151
 W021  2002 151 2003 241
 W021  2003 241 2007 224
 W021  2007 224 2009 247
 W021  2009 247 2011 249
 W021  2011 249 2012 202
 W021  2012 202 2013 262
 W021  2013 262 9999 999
 W025  2000 139 2000 270
 W025  2000 270 2001  40
 W025  2001  40 2001 103
 W025  2001 103 2001 165
 W025  2001 165 9999 999
 W029  2000 143 2001  39
 W029  2001  39 2002 171
 W029  2002 171 2003 263
 W029  2003 263 2004 249
 W029  2004 249 2009 202
 W029  2009 202 2011  24
 W029  2011  24 2012 202
 W029  2012 202 2012 222
 W029  2012 222 9999 999
 W030  2000 140 2000 246
 W030  2000 246 2001  36
 W030  2001  36 2002 220
 W030  2002 220 2003 263
 W030  2003 263 2004 250
 W030  2004 250 2009 307
 W030  2009 307 2009 345
 W030  2009 345 9999 999
 WANC  2004 128 9999 999
 WANL  2004 139 2013 291
 WANL  2013 291 9999 999
 WANS  2005 126 9999 999
 WARO  2005 200 9999 999
 WDAN  2005 272 2011 202
 WDAN  2011 202 9999 999
 WFEN  2006 129 9999 999
 WIAN  2006   1 9999 999
 WIPN  2004 344 9999 999
 WNHD  2007   1 9999 999
 WUCH  2002 129 2002 172
 WUCH  2002 172 2003 238
 WUCH  2003 238 2004 143
 WUCH  2004 143 2007 353
 WUCH  2007 353 9999 999
 WUFN  1999 281 1999 309
 WUFN  1999 309 2000  67
 WUFN  2000  67 2000 118
 WUFN  2000 118 2000 248
 WUFN  2000 248 2001  53
 WUFN  2001  53 2001 318
 WUFN  2001 318 2003 107
 WUFN  2003 107 2003 261
 WUFN  2003 261 2007  15
 WUFN  2007  15 2007  40
 WUFN  2007  40 2007 171
 WUFN  2007 171 2008 346
 WUFN  2008 346 2009 260
 WUFN  2009 260 2013 133
 WUFN  2013 133 9999 999
 WUHN  1993 133 1994 274
 WUHN  1994 274 1995  26
 WUHN  1995  26 1995  27
 WUHN  1995  27 1999 222
 WUHN  1999 222 1999 265
 WUHN  1999 265 1999 277
 WUHN  1999 277 2000 160
 WUHN  2000 160 2002  26
 WUHN  2002  26 2011  82
 WUHN  2011  82 2011  82
 WUHN  2011  82 9999 999
 WUKU  2004 106 2013 318
 WUKU  2013 318 9999 999
 WULI  2005  32 2013 122
 WULI  2013 122 9999 999
 WULU  2005  32 2013 135
 WULU  2013 135 9999 999
 WUST  2003  47 2012 240
 WUST  2012 240 2013  77
 WUST  2013  77 2013 123
 WUST  2013 123 9999 999
 XINU  2007  33 9999 999
 YAME  2004  36 2013 284
 YAME  2013 284 9999 999
 YENC  2002 101 2002 170
 YENC  2002 170 2003 265
 YENC  2003 265 2004  31
 YENC  2004  31 9999 999
 YENL  2003   1 2012 233
 YENL  2012 233 2013  77
 YENL  2013  77 2013 123
 YENL  2013 123 9999 999
 YILN  2005  32 2013 198
 YILN  2013 198 9999 999
 YM01  2005 202 9999 999
 YM02  2005 202 9999 999
 YM03  2005 202 9999 999
 YM04  2005 202 9999 999
 YM05  2006  21 9999 999
 YMSM  1994   1 2005 285
 YMSM  2005 285 9999 999
 YMSM  2013 115 9999 999
 YNTS  2004  70 9999 999
 YOKN  2012 350 9999 999
 YSAN  2004 330 9999 999
 YSLL  2006   1 9999 999
 YUL1  2010 353 2012 249
 YUL1  2012 249 2013  77
 YUL1  2013  77 2013 134
 YUL1  2013 134 9999 999
 YULI  2001 353 9999 999
 YUNL  2001 206 2001 317
 YUNL  2001 317 2002  10
 YUNL  2002  10 2003 261
 YUNL  2003 261 2003 289
 YUNL  2003 289 2009 103
 YUNL  2009 103 2009 281
 YUNL  2009 281 2010  32
 YUNL  2010  32 2013 267
 YUNL  2013 267 9999 999
 YUSN  1996   1 2006 288
 YUSN  2006 288 9999 999
 JWEN  2013 301 9999 999
 SHLU  2013 301 9999 999
 ZEND  2005 311 9999 999
 ZWEN  2006 174 9999 999
 WUHU  2001  74 9999 999
 CHSN  2001  74 9999 999
 DNKN  2001  74 9999 999
 GUSN  2001  74 9999 999
 FOSA  2001  74 9999 999
 LOMU  2001  74 9999 999
 SIFU  2001  74 9999 999
 WUJN  2001  74 9999 999
 ZEN3  2001  74 9999 999
 TWVD  2005  60 9999 999
 FB02  2005  60 9999 999
 LND2  2005  60 2014 216
 LND2  2014 216 9999 999
 LSBA  2005  60 9999 999
 G811  2005  60 9999 999
 TC31  2005  60 9999 999
 TC32  2005  60 9999 999
 TC33  2005  60 9999 999
 TC34  2005  60 9999 999
 TC35  2005  60 9999 999
 TC36  2005  60 9999 999
 TC37  2005  60 9999 999
 TC38  2005  60 9999 999
 TC39  2005  60 9999 999
 BKBL  2005  60 9999 999
 DJES  2005  60 9999 999
 KAWN  2005  60 9999 999
 NJES  2005  60 9999 999
 RFES  2005  60 9999 999
 SCES  2005  60 9999 999
 WHES  2005  60 2016 360
 WHES  2016 360 9999 999
 YJLO  2005  60 9999 999
 SJES  2005  60 9999 999
 HLES  2005  60 9999 999
 NAZI  2005  60 9999 999
 DASU  2005  60 2014 218
 DASU  2014 218 2016 151
 DASU  2014 151 9999 999
 CHIE  2005  60 2014 220
 CHIE  2014 220 2015 293
 CHIE  2015 293 9999 999
 FONG  2005  60 9999 999
 LIAN  2005  60 2014 218
 LIAN  2014 218 9999 999
 XIAN  2005  60 2014 219
 XIAN  2014 219 9999 999
 SANW  2005  60 2014 218
 SANW  2014 218 9999 999
 MAYA  2005  60 2014 217
 MAYA  2014 217 9999 999
 DALO  2005  60 9999 999
 SAME  2005  60 9999 999
 SAME  2005  60 9999 999

